1 0.274554 0.700893 0.183036 0.205357
1 0.578125 0.421875 0.120536 0.111607
1 0.703125 0.314732 0.093750 0.084821
1 0.138393 0.310268 0.080357 0.075893
1 0.102679 0.234375 0.062500 0.049107
1 0.089286 0.281250 0.053571 0.062500
1 0.312500 0.196429 0.053571 0.053571
1 0.515625 0.214286 0.058036 0.053571
1 0.337054 0.247768 0.049107 0.058036
1 0.375000 0.279018 0.071429 0.075893
1 0.602679 0.252232 0.071429 0.066964
1 0.718750 0.232143 0.071429 0.062500
1 0.890625 0.203125 0.066964 0.058036
1 0.953125 0.200893 0.058036 0.062500
0 0.654018 0.263393 0.031250 0.026786
0 0.308036 0.234375 0.017857 0.031250